0 0 -1.094375
0 1 -1.505975
0 2 0.210438
0 3 0.025773
0 4 -0.828323
0 5 -0.345933
0 6 0.562930
0 7 -0.746292
0 8 -0.130802
0 9 1.369733
0 10 0.523074
0 11 0.034149
0 12 1.708104
0 13 -0.540042
0 14 0.467731
0 15 -0.203710
0 16 -0.348908
0 17 -0.811790
0 18 -2.040722
0 19 -0.099416
0 20 1.494233
0 21 -0.076694
0 22 0.148392
0 23 0.105873
0 24 -0.330236
0 25 -0.077906
0 26 -0.027436
0 27 -0.719379
0 28 -0.402724
0 29 0.096836
0 30 -0.770901
0 31 -0.710513
0 32 -0.609031
0 33 -0.829839
0 34 -0.146199
0 35 0.417213
0 36 0.449284
0 37 -0.676344
0 38 0.152479
0 39 -0.377089
0 40 -0.224112
0 41 -0.687196
0 42 -0.518980
0 43 -0.523226
0 44 -0.618499
0 45 -0.581580
0 46 -0.121685
0 47 -0.670882
0 48 -0.213147
0 49 -0.943598
0 50 -0.269559
0 51 0.227287
0 52 -0.472158
0 53 -0.817986
0 54 -0.175323
0 55 -0.092582
0 56 -0.598526
0 57 -0.727990
0 58 -0.571887
0 59 -0.297452
0 60 -0.568998
0 61 -0.457203
0 62 -0.012577
0 63 -0.283462
0 64 0.264629
0 65 -0.517177
0 66 0.437774
0 67 -0.411139
0 68 -0.068353
0 69 -0.606616
0 70 0.023277
0 71 -0.492569
0 72 0.087967
0 73 -0.620577
0 74 -0.093879
0 75 -0.721400
0 76 0.094449
0 77 0.071631
0 78 -0.692623
0 79 -0.009035
0 80 -0.258399
0 81 -0.798200
0 82 0.152180
0 83 -0.932928
0 84 -0.570756
0 85 -0.845828
0 86 -1.451950
0 87 -0.497845
0 88 0.193435
0 89 0.065918
0 90 0.301219
0 91 -0.182546
0 92 1.033163
1 0 0.184497
1 1 -0.587317
1 2 -0.225688
1 3 0.740344
1 4 -0.057928
1 5 -0.445832
1 6 -0.716718
1 7 -0.275857
1 8 0.106499
1 9 -1.819232
1 10 -0.953766
1 11 -0.095418
1 12 -2.436095
1 13 0.050150
1 14 0.580119
1 15 0.492465
1 16 -0.191846
1 17 -0.481916
1 18 2.169981
1 19 -0.360986
1 20 1.871531
1 21 0.064897
1 22 2.053290
1 23 0.138923
1 24 -0.417679
1 25 0.113199
1 26 -0.322540
1 27 0.186961
1 28 -0.419905
1 29 -0.125589
1 30 -0.096312
1 31 0.644404
1 32 -0.334950
1 33 -0.124496
1 34 0.273587
1 35 -0.421228
1 36 0.423869
1 37 -0.714004
1 38 1.275256
1 39 -0.287577
1 40 -0.418147
1 41 0.148111
1 42 -0.339586
1 43 -0.058248
1 44 -0.184686
1 45 -0.443305
1 46 -2.947651
1 47 -0.576883
1 48 -0.109235
1 49 -0.260561
1 50 -0.102014
1 51 0.117361
1 52 -0.400220
1 53 -0.591102
1 54 -0.005572
1 55 0.054781
1 56 0.160990
1 57 -0.428875
1 58 -0.273008
1 59 0.288751
1 60 -0.664702
1 61 0.359116
1 62 0.044616
1 63 -0.250550
1 64 -0.997836
1 65 -0.244591
1 66 -0.199424
1 67 -0.483838
1 68 -0.345342
1 69 0.102248
1 70 -0.289009
1 71 -0.086824
1 72 0.267748
1 73 -0.943014
1 74 -1.009726
1 75 -1.496890
1 76 -0.622524
1 77 0.368302
1 78 -1.005049
1 79 -0.464749
1 80 -0.388047
1 81 0.055159
1 82 -0.893594
1 83 -0.541614
1 84 0.530363
1 85 -0.276055
1 86 0.924960
1 87 0.332033
1 88 -0.934127
1 89 -0.844705
1 90 -0.702424
1 91 -1.399307
1 92 -0.983770
2 0 1.365389
2 1 -0.073310
2 2 -0.426141
2 3 -0.211005
2 4 0.331375
2 5 0.896553
2 6 2.219134
2 7 -0.337314
2 8 -0.183771
2 9 -1.130718
2 10 -0.353879
2 11 1.155183
2 12 -0.987384
2 13 -0.613638
2 14 0.283246
2 15 0.517218
2 16 -0.636183
2 17 -0.008414
2 18 -0.884482
2 19 -0.450021
2 20 -0.938702
2 21 -0.939058
2 22 0.132281
2 23 -0.537139
2 24 -0.372830
2 25 -1.169062
2 26 -0.536850
2 27 -0.327359
2 28 0.213436
2 29 -0.304060
2 30 0.108489
2 31 0.200931
2 32 0.091330
2 33 0.014722
2 34 -0.252810
2 35 -0.595176
2 36 -0.439744
2 37 0.095316
2 38 -1.144437
2 39 0.493514
2 40 0.218154
2 41 0.163781
2 42 0.569372
2 43 -0.143437
2 44 0.331747
2 45 -0.197919
2 46 0.782141
2 47 0.009910
2 48 -0.138830
2 49 0.065588
2 50 -1.920121
2 51 -0.735754
2 52 -0.746872
2 53 -0.210015
2 54 -0.206651
2 55 -0.227461
2 56 0.246044
2 57 -0.042935
2 58 -0.284832
2 59 -0.020341
2 60 -0.271655
2 61 0.035377
2 62 -0.714142
2 63 -0.441597
2 64 0.313249
2 65 -0.024651
2 66 -0.632666
2 67 -0.225334
2 68 -0.142336
2 69 -0.291515
2 70 -0.125349
2 71 -0.255335
2 72 -0.738137
2 73 -0.610458
2 74 -0.484363
2 75 -0.229175
2 76 1.435354
2 77 -0.523784
2 78 -0.329679
2 79 -0.259801
2 80 -0.561594
2 81 -0.543833
2 82 0.002000
2 83 -0.415919
2 84 -0.068546
2 85 -0.030300
2 86 -0.849006
2 87 -0.163024
2 88 -1.980663
2 89 -1.490240
2 90 -1.189043
2 91 -0.939415
2 92 -1.009610
3 0 0.301268
3 1 -0.494497
3 2 -0.285129
3 3 -0.112439
3 4 -0.036377
3 5 0.564694
3 6 -1.164076
3 7 0.307289
3 8 -0.408869
3 9 -1.136335
3 10 1.428474
3 11 -0.314996
3 12 -0.980059
3 13 0.078016
3 14 -0.430101
3 15 0.152738
3 16 0.132376
3 17 0.043241
3 18 -1.305331
3 19 -0.201438
3 20 1.020207
3 21 0.766398
3 22 0.896229
3 23 -0.116839
3 24 -0.166408
3 25 0.524593
3 26 1.104327
3 27 0.057718
3 28 0.179826
3 29 0.767855
3 30 -0.232074
3 31 0.108711
3 32 0.321419
3 33 -0.483789
3 34 -0.128425
3 35 -0.644722
3 36 0.504646
3 37 0.207342
3 38 -1.566088
3 39 0.369450
3 40 -0.340547
3 41 -0.249150
3 42 0.393460
3 43 -0.028604
3 44 -0.522263
3 45 -0.308528
3 46 0.150527
3 47 0.403596
3 48 0.558996
3 49 0.051561
3 50 -0.280349
3 51 0.282443
3 52 -0.172901
3 53 -0.532712
3 54 0.111886
3 55 0.347254
3 56 -0.577305
3 57 -0.341852
3 58 -0.060684
3 59 0.204708
3 60 0.171661
3 61 0.385898
3 62 -0.596260
3 63 0.171712
3 64 0.761870
3 65 -0.004726
3 66 -0.355937
3 67 0.003713
3 68 -0.300898
3 69 -0.004847
3 70 -0.178436
3 71 -0.073216
3 72 -0.250306
3 73 -0.570660
3 74 -0.931214
3 75 -1.289896
3 76 -1.383234
3 77 -0.934719
3 78 0.154175
3 79 -0.153221
3 80 -0.439249
3 81 -0.528120
3 82 -0.118889
3 83 0.131686
3 84 -1.727398
3 85 0.990148
3 86 -0.049438
3 87 -0.018266
3 88 0.846443
3 89 -1.196292
3 90 0.830354
3 91 0.504979
3 92 1.110403
4 0 -0.199462
4 1 -0.620770
4 2 -0.081471
4 3 -0.183537
4 4 -0.344746
4 5 0.260161
4 6 -1.469671
4 7 -0.218996
4 8 -0.188269
4 9 3.485878
4 10 0.183479
4 11 0.346607
4 12 1.928603
4 13 -0.409916
4 14 0.204489
4 15 0.304317
4 16 -0.165581
4 17 -0.656489
4 18 2.340911
4 19 -0.618408
4 20 -0.909588
4 21 0.659197
4 22 -2.417941
4 23 -0.422504
4 24 -0.746311
4 25 -2.373667
4 26 0.846837
4 27 -0.056693
4 28 0.190483
4 29 -0.088617
4 30 0.067760
4 31 -0.225262
4 32 -0.719526
4 33 -0.626058
4 34 -0.180868
4 35 0.670407
4 36 -0.335749
4 37 -0.669472
4 38 0.955893
4 39 -0.099567
4 40 -0.806083
4 41 0.043411
4 42 -0.223296
4 43 0.205870
4 44 0.276878
4 45 -0.659227
4 46 -0.318811
4 47 0.219879
4 48 -0.168497
4 49 -0.435553
4 50 0.279986
4 51 -0.624212
4 52 -0.750336
4 53 -0.823196
4 54 0.020868
4 55 -0.795949
4 56 -0.809586
4 57 -0.204960
4 58 -0.810314
4 59 0.220300
4 60 -0.784339
4 61 0.127730
4 62 -0.393572
4 63 -0.578288
4 64 -0.957928
4 65 -0.001855
4 66 0.013949
4 67 -0.410933
4 68 -0.376743
4 69 -0.529374
4 70 -0.009813
4 71 -0.617138
4 72 0.374864
4 73 0.015805
4 74 -1.323650
4 75 0.798666
4 76 -1.132430
4 77 -1.156962
4 78 0.260981
4 79 -0.465685
4 80 -0.057054
4 81 -0.330212
4 82 0.136050
4 83 1.106378
4 84 -1.562180
4 85 -0.123358
4 86 -1.330038
4 87 -0.092178
4 88 -0.785762
4 89 -0.776094
4 90 -0.070608
4 91 -1.003295
4 92 0.152783
5 0 0.896144
5 1 0.370710
5 2 -0.500065
5 3 -0.423058
5 4 -1.270735
5 5 1.360180
5 6 -0.267369
5 7 0.340114
5 8 -0.041755
5 9 -0.556739
5 10 1.739784
5 11 -0.754007
5 12 -0.600580
5 13 0.257464
5 14 -0.883001
5 15 -1.020552
5 16 -0.249069
5 17 -0.478421
5 18 -0.315924
5 19 -0.309300
5 20 -0.411773
5 21 -1.261861
5 22 -1.030672
5 23 -0.267472
5 24 0.251925
5 25 -0.428761
5 26 -0.123329
5 27 0.752144
5 28 -0.603540
5 29 0.912149
5 30 -1.313387
5 31 -1.535688
5 32 -0.170223
5 33 0.090242
5 34 -0.699714
5 35 -0.195403
5 36 0.759280
5 37 0.385525
5 38 -0.706241
5 39 0.269559
5 40 -0.076030
5 41 0.520202
5 42 -1.378389
5 43 0.517317
5 44 -0.443661
5 45 -0.055313
5 46 0.750615
5 47 -0.816425
5 48 0.376883
5 49 0.003331
5 50 0.802774
5 51 1.001833
5 52 -0.420554
5 53 0.296764
5 54 -0.093098
5 55 0.467236
5 56 0.087674
5 57 0.408142
5 58 -0.178072
5 59 -0.257760
5 60 -0.503875
5 61 -0.259150
5 62 -0.199479
5 63 -0.010043
5 64 -0.175706
5 65 0.511811
5 66 -0.488339
5 67 0.190229
5 68 0.507222
5 69 0.371821
5 70 0.015940
5 71 -0.118090
5 72 0.774794
5 73 0.395677
5 74 -0.046904
5 75 0.543270
5 76 1.283971
5 77 -0.696373
5 78 -0.050435
5 79 -0.009035
5 80 -0.001490
5 81 0.144804
5 82 0.065075
5 83 0.260936
5 84 1.254873
5 85 -0.111791
5 86 0.140807
5 87 -0.021488
5 88 -0.461845
5 89 -0.517513
5 90 -0.637808
5 91 1.046617
5 92 -0.170190
6 0 -1.274878
6 1 -1.442674
6 2 0.035327
6 3 -0.214627
6 4 -0.587390
6 5 -0.617501
6 6 -0.198116
6 7 -0.262178
6 8 -0.600559
6 9 1.466517
6 10 0.000623
6 11 -1.113115
6 12 -0.119015
6 13 -0.812904
6 14 -0.215328
6 15 -0.460351
6 16 -0.542956
6 17 -0.858650
6 18 0.332015
6 19 -0.670588
6 20 -0.077809
6 21 0.091893
6 22 0.040098
6 23 -0.105530
6 24 -0.789597
6 25 -0.197511
6 26 -0.203441
6 27 -0.371750
6 28 -0.532243
6 29 -0.762903
6 30 -0.485511
6 31 -0.739570
6 32 -0.858590
6 33 -0.513915
6 34 -0.290140
6 35 0.478118
6 36 -0.248523
6 37 -0.436253
6 38 -0.512132
6 39 -0.308219
6 40 -0.728811
6 41 -0.478015
6 42 -0.404827
6 43 -0.455306
6 44 -0.552803
6 45 -0.725667
6 46 -1.164809
6 47 -0.592049
6 48 -0.326064
6 49 -0.776276
6 50 -0.990691
6 51 -0.620624
6 52 -0.897738
6 53 -0.920247
6 54 -0.505585
6 55 -0.849004
6 56 -0.727336
6 57 -0.875056
6 58 -0.937590
6 59 -0.355875
6 60 -0.480622
6 61 -0.433328
6 62 -0.934489
6 63 -0.232146
6 64 -0.188905
6 65 -0.434511
6 66 -0.231167
6 67 -0.256531
6 68 -0.288079
6 69 -0.050662
6 70 -0.634625
6 71 0.349644
6 72 -0.188423
6 73 1.042373
6 74 -0.286460
6 75 -0.009316
6 76 -0.354277
6 77 0.147600
6 78 0.323348
6 79 0.021422
6 80 -1.143570
6 81 -0.779179
6 82 -0.169357
6 83 0.273934
6 84 0.224820
6 85 -0.350769
6 86 0.685655
6 87 -0.673557
6 88 -0.473370
6 89 -0.058917
6 90 0.248006
6 91 -0.213000
6 92 -0.419855
7 0 0.863604
7 1 -0.199738
7 2 0.333399
7 3 0.293718
7 4 1.180894
7 5 -1.056464
7 6 0.177371
7 7 -0.417350
7 8 -0.235778
7 9 -0.232238
7 10 0.355330
7 11 -0.659059
7 12 0.132942
7 13 0.463914
7 14 -0.264324
7 15 -0.413706
7 16 0.093713
7 17 -0.070439
7 18 -0.022938
7 19 0.319645
7 20 -0.040901
7 21 0.176225
7 22 -0.751410
7 23 -0.340249
7 24 -0.393857
7 25 2.263633
7 26 1.132200
7 27 -1.239511
7 28 -0.523397
7 29 -0.888386
7 30 -2.081092
7 31 -1.550585
7 32 -0.341740
7 33 0.411673
7 34 -0.246604
7 35 -0.513458
7 36 -0.135262
7 37 0.144576
7 38 -0.435039
7 39 0.526962
7 40 -0.319257
7 41 -1.300551
7 42 -0.820919
7 43 0.326761
7 44 -1.563958
7 45 -0.350682
7 46 -1.760244
7 47 0.475273
7 48 0.326682
7 49 1.087782
7 50 1.882223
7 51 0.065119
7 52 0.128424
7 53 -0.244212
7 54 -0.042007
7 55 -0.042377
7 56 -0.452441
7 57 0.393440
7 58 0.237512
7 59 0.166617
7 60 -0.379963
7 61 0.070126
7 62 -0.003718
7 63 -0.080038
7 64 0.217766
7 65 0.086224
7 66 0.061972
7 67 -0.092615
7 68 0.207490
7 69 1.034798
7 70 0.387553
7 71 0.087072
7 72 -0.409588
7 73 0.015605
7 74 -0.293932
7 75 -0.268714
7 76 0.886903
7 77 -0.233732
7 78 0.404100
7 79 -0.064061
7 80 -0.103605
7 81 0.134486
7 82 0.424748
7 83 -0.343690
7 84 0.090986
7 85 0.554505
7 86 0.410203
7 87 -0.433330
7 88 0.528541
7 89 0.187731
7 90 1.273735
7 91 -0.020900
7 92 0.579203
8 0 0.958280
8 1 -0.267463
8 2 0.567032
8 3 -0.416431
8 4 0.252205
8 5 -1.023147
8 6 -1.296428
8 7 0.111210
8 8 0.084219
8 9 -2.267573
8 10 -1.644402
8 11 1.123928
8 12 0.603959
8 13 0.393997
8 14 -1.002137
8 15 -2.052709
8 16 -0.281393
8 17 0.119278
8 18 -1.339413
8 19 -0.491251
8 20 -1.238708
8 21 -0.311018
8 22 0.420454
8 23 -0.657158
8 24 -0.449916
8 25 0.622799
8 26 0.587565
8 27 0.205577
8 28 0.353003
8 29 0.247271
8 30 -0.258171
8 31 -0.016262
8 32 -0.591110
8 33 -0.495503
8 34 0.270966
8 35 0.962216
8 36 0.040033
8 37 0.249018
8 38 1.373784
8 39 0.225904
8 40 -0.353773
8 41 0.169744
8 42 0.146171
8 43 0.323205
8 44 0.181285
8 45 0.229378
8 46 -0.344902
8 47 -0.053853
8 48 0.394360
8 49 -0.166608
8 50 0.002054
8 51 0.519521
8 52 -0.235175
8 53 -0.505846
8 54 0.355638
8 55 0.263233
8 56 0.077900
8 57 0.076549
8 58 -0.150504
8 59 0.042510
8 60 -0.603362
8 61 0.345783
8 62 0.138646
8 63 -0.437551
8 64 0.942365
8 65 -0.158300
8 66 -0.335919
8 67 -0.230005
8 68 -0.027513
8 69 0.029831
8 70 0.599666
8 71 0.229851
8 72 0.150596
8 73 0.085792
8 74 -1.049516
8 75 -1.249191
8 76 -0.619109
8 77 0.158023
8 78 -0.577195
8 79 0.112583
8 80 -0.422513
8 81 0.107870
8 82 -0.439779
8 83 -0.113988
8 84 -1.148922
8 85 0.219713
8 86 -1.183523
8 87 0.146875
8 88 0.415914
8 89 0.887276
8 90 0.358950
8 91 -0.111773
8 92 -0.423504
9 0 -3.587608
9 1 -0.072064
9 2 0.230786
9 3 -0.155879
9 4 0.738037
9 5 -3.052741
9 6 -0.134050
9 7 0.106228
9 8 0.213003
9 9 -0.751315
9 10 -1.599592
9 11 -0.985416
9 12 -0.797068
9 13 -0.312445
9 14 -1.141200
9 15 1.204022
9 16 -0.446764
9 17 -0.404489
9 18 -0.421096
9 19 0.110692
9 20 -0.091661
9 21 0.757726
9 22 -1.423831
9 23 -0.510225
9 24 0.150289
9 25 -1.661568
9 26 -2.044859
9 27 -1.836213
9 28 0.144052
9 29 0.625320
9 30 -0.085097
9 31 0.883975
9 32 -0.616324
9 33 0.297520
9 34 0.892589
9 35 0.621873
9 36 0.625644
9 37 0.081578
9 38 -0.957225
9 39 0.224861
9 40 0.382785
9 41 0.320682
9 42 1.006048
9 43 0.349495
9 44 0.781423
9 45 0.458441
9 46 1.064433
9 47 0.828867
9 48 -0.083074
9 49 0.200358
9 50 0.225892
9 51 -2.137546
9 52 -0.343483
9 53 0.150083
9 54 -0.511243
9 55 0.653983
9 56 0.315749
9 57 -0.287663
9 58 -0.577660
9 59 -0.144978
9 60 -0.078139
9 61 0.242680
9 62 0.071721
9 63 -0.010117
9 64 -0.003512
9 65 0.013192
9 66 -0.228795
9 67 -0.305872
9 68 -0.056790
9 69 0.531187
9 70 0.450811
9 71 -0.256693
9 72 -0.289714
9 73 -0.170944
9 74 0.713546
9 75 -0.265601
9 76 -0.829415
9 77 -0.582165
9 78 -0.157492
9 79 0.331945
9 80 -0.107091
9 81 -0.400534
9 82 -0.538745
9 83 0.297608
9 84 0.668395
9 85 -0.130749
9 86 -0.264956
9 87 0.371872
9 88 -0.081012
9 89 1.508694
9 90 -0.919371
9 91 -0.971689
9 92 0.323107
10 0 0.391854
10 1 -0.421158
10 2 0.013667
10 3 0.269902
10 4 0.139551
10 5 -1.966318
10 6 -0.640639
10 7 -0.476066
10 8 0.231773
10 9 -0.804859
10 10 1.378458
10 11 0.485532
10 12 -0.027691
10 13 -0.248626
10 14 -1.024122
10 15 -1.313871
10 16 -0.356855
10 17 -0.433633
10 18 -0.511764
10 19 -0.337912
10 20 -0.934824
10 21 -1.271780
10 22 0.190392
10 23 -0.738995
10 24 -0.345349
10 25 -0.328825
10 26 0.140635
10 27 0.015777
10 28 -0.110801
10 29 -2.928078
10 30 -0.081544
10 31 0.794784
10 32 -0.245379
10 33 -0.002088
10 34 0.524347
10 35 -0.467478
10 36 -0.720043
10 37 -0.075370
10 38 -1.356676
10 39 -0.359542
10 40 -0.123761
10 41 0.159659
10 42 0.309053
10 43 -0.236113
10 44 0.101339
10 45 -0.234297
10 46 -0.286539
10 47 0.306331
10 48 0.422013
10 49 0.375231
10 50 -0.221657
10 51 -0.042769
10 52 -0.367252
10 53 0.255624
10 54 -0.200021
10 55 0.274529
10 56 -0.554096
10 57 0.391647
10 58 -0.506364
10 59 0.030923
10 60 -0.737586
10 61 0.224816
10 62 -0.336571
10 63 -0.241448
10 64 -1.146617
10 65 -0.309612
10 66 -0.196319
10 67 0.052242
10 68 0.257957
10 69 0.097364
10 70 0.283810
10 71 0.081316
10 72 -0.266905
10 73 0.303770
10 74 -0.181311
10 75 0.484975
10 76 0.977661
10 77 0.295659
10 78 0.636075
10 79 0.228798
10 80 -0.499508
10 81 0.127880
10 82 0.225747
10 83 -0.276346
10 84 1.881664
10 85 0.973766
10 86 -1.319196
10 87 -0.488830
10 88 -0.892931
10 89 -0.285528
10 90 0.756953
10 91 0.799400
10 92 -1.297492
11 0 -2.352363
11 1 -0.241462
11 2 -0.216263
11 3 0.122659
11 4 -1.154861
11 5 -1.373695
11 6 -0.471636
11 7 0.183529
11 8 0.294282
11 9 0.099175
11 10 -1.130623
11 11 -1.019800
11 12 0.186895
11 13 -0.422561
11 14 -0.052161
11 15 -0.632794
11 16 0.305594
11 17 0.289772
11 18 -0.043629
11 19 0.020904
11 20 -0.332854
11 21 -0.484184
11 22 -0.648306
11 23 0.099808
11 24 0.216585
11 25 -2.097960
11 26 -2.341901
11 27 0.865131
11 28 -0.514084
11 29 -1.070803
11 30 0.090730
11 31 -1.951361
11 32 -0.059067
11 33 0.316582
11 34 -0.064006
11 35 -0.106637
11 36 -1.039527
11 37 -0.007560
11 38 -0.605831
11 39 -0.096879
11 40 -0.002372
11 41 0.383371
11 42 0.962210
11 43 0.428142
11 44 1.085694
11 45 0.033436
11 46 0.943012
11 47 -1.008023
11 48 0.006320
11 49 0.684227
11 50 1.609838
11 51 1.394069
11 52 -0.382263
11 53 -0.101524
11 54 0.667176
11 55 1.058329
11 56 0.201796
11 57 0.413703
11 58 -0.252435
11 59 0.679662
11 60 0.270417
11 61 0.516494
11 62 -0.250950
11 63 -0.138994
11 64 0.765598
11 65 0.167680
11 66 0.285228
11 67 0.502767
11 68 0.060547
11 69 0.217290
11 70 -0.239084
11 71 0.643096
11 72 0.685409
11 73 0.431494
11 74 2.228089
11 75 0.578476
11 76 -0.030129
11 77 1.043809
11 78 0.042205
11 79 0.184170
11 80 -0.044833
11 81 -0.259838
11 82 0.268071
11 83 0.040465
11 84 -0.152223
11 85 -0.303720
11 86 -0.114325
11 87 0.049967
11 88 0.971222
11 89 -0.660155
11 90 0.570069
11 91 1.351232
11 92 1.019118
12 0 -1.858522
12 1 -0.544146
12 2 0.006384
12 3 -0.556096
12 4 0.152415
12 5 0.439091
12 6 -1.808328
12 7 -0.330469
12 8 -0.438609
12 9 -1.163944
12 10 -2.397175
12 11 0.394457
12 12 1.666216
12 13 -0.332677
12 14 -1.729315
12 15 -0.301362
12 16 -0.722499
12 17 -0.147825
12 18 -2.252783
12 19 -0.154259
12 20 -1.082974
12 21 -0.692397
12 22 0.251342
12 23 -0.790611
12 24 -0.273354
12 25 0.692318
12 26 -1.861424
12 27 0.231145
12 28 -0.045432
12 29 0.630129
12 30 0.131789
12 31 0.275232
12 32 -0.349612
12 33 -0.566787
12 34 0.497410
12 35 0.913928
12 36 -1.040565
12 37 -0.681781
12 38 0.076562
12 39 -0.372177
12 40 0.226773
12 41 -0.224292
12 42 0.086130
12 43 0.174771
12 44 0.128505
12 45 -0.235404
12 46 0.207539
12 47 0.510952
12 48 -0.200881
12 49 0.226739
12 50 0.326687
12 51 0.317559
12 52 -0.064600
12 53 -0.433898
12 54 0.209645
12 55 -0.327435
12 56 -0.674262
12 57 0.107907
12 58 -0.599152
12 59 0.083653
12 60 -0.115165
12 61 0.327802
12 62 -0.485305
12 63 -0.598603
12 64 0.306848
12 65 -0.513595
12 66 0.636321
12 67 -0.521015
12 68 -0.015033
12 69 -0.337959
12 70 -0.054503
12 71 -0.281121
12 72 0.026570
12 73 0.423592
12 74 0.607272
12 75 -0.565498
12 76 1.109099
12 77 -0.847188
12 78 -0.556288
12 79 -0.763673
12 80 -0.373891
12 81 -0.151674
12 82 0.343894
12 83 -0.810965
12 84 -1.238499
12 85 -0.358169
12 86 -0.953308
12 87 -0.400588
12 88 -1.129208
12 89 0.362881
12 90 0.859426
12 91 0.343847
12 92 0.662497
13 0 1.841951
13 1 0.005830
13 2 -0.164956
13 3 -0.119886
13 4 0.952095
13 5 2.738114
13 6 -0.247559
13 7 0.211637
13 8 -0.536639
13 9 -0.636417
13 10 -0.627211
13 11 -1.660134
13 12 -0.336208
13 13 -0.358775
13 14 0.249619
13 15 0.876129
13 16 -0.165462
13 17 -0.672853
13 18 -0.301792
13 19 -0.276719
13 20 -0.717521
13 21 0.697392
13 22 -0.893783
13 23 -0.151728
13 24 0.328697
13 25 0.071135
13 26 -1.640745
13 27 0.699617
13 28 0.220037
13 29 -0.933202
13 30 0.954478
13 31 -2.566147
13 32 -0.437534
13 33 -0.302096
13 34 -0.102311
13 35 -0.104584
13 36 -0.320205
13 37 -0.463988
13 38 -0.512211
13 39 -0.254687
13 40 -0.196774
13 41 1.135443
13 42 -0.154222
13 43 0.769190
13 44 -0.192493
13 45 0.211478
13 46 -1.315256
13 47 0.494086
13 48 0.130614
13 49 0.393514
13 50 -0.828150
13 51 -2.143714
13 52 0.198632
13 53 -0.495884
13 54 -0.112830
13 55 -0.159980
13 56 0.181880
13 57 0.419657
13 58 -0.097476
13 59 0.226008
13 60 -0.609683
13 61 -0.011197
13 62 -0.595089
13 63 -0.362837
13 64 0.304312
13 65 0.298319
13 66 -0.463463
13 67 0.483370
13 68 0.692562
13 69 0.741390
13 70 -0.419124
13 71 -0.072077
13 72 0.365080
13 73 -0.387631
13 74 -0.415574
13 75 -0.429140
13 76 -1.053157
13 77 -0.047971
13 78 -0.124673
13 79 0.099616
13 80 -0.621339
13 81 0.122615
13 82 0.292538
13 83 0.259012
13 84 -0.315988
13 85 -0.459616
13 86 -0.226108
13 87 0.188113
13 88 0.720618
13 89 -0.609192
13 90 0.741274
13 91 -0.781769
13 92 -0.266595
14 0 1.485288
14 1 -0.008013
14 2 -0.278737
14 3 -0.201165
14 4 0.268679
14 5 -2.901348
14 6 -0.511494
14 7 0.005865
14 8 0.030869
14 9 -0.570542
14 10 -0.724746
14 11 1.641047
14 12 -0.574766
14 13 0.135208
14 14 -0.818612
14 15 -1.296526
14 16 -0.004210
14 17 0.085177
14 18 -0.145815
14 19 -0.230346
14 20 -0.447565
14 21 -0.786551
14 22 1.344703
14 23 -0.308230
14 24 -0.364696
14 25 0.071131
14 26 0.668683
14 27 0.373538
14 28 0.749223
14 29 -1.626424
14 30 0.338912
14 31 -1.891362
14 32 0.322819
14 33 0.016166
14 34 0.289493
14 35 -0.335897
14 36 1.127353
14 37 -0.405396
14 38 -0.941112
14 39 0.114389
14 40 0.015908
14 41 0.420131
14 42 -1.000756
14 43 0.557625
14 44 0.541697
14 45 -0.469583
14 46 0.129578
14 47 -0.045860
14 48 0.621365
14 49 0.167893
14 50 0.713266
14 51 1.044299
14 52 0.356502
14 53 -0.035416
14 54 0.422091
14 55 -0.036165
14 56 -0.209293
14 57 0.197829
14 58 0.318577
14 59 -0.217617
14 60 0.097058
14 61 -0.421512
14 62 -0.101590
14 63 0.123667
14 64 0.624821
14 65 -0.105718
14 66 -0.367302
14 67 0.368222
14 68 0.186657
14 69 0.107471
14 70 -0.177838
14 71 -0.286041
14 72 -0.356606
14 73 0.230456
14 74 1.050745
14 75 0.163603
14 76 0.340506
14 77 0.561123
14 78 -0.300935
14 79 -0.000491
14 80 -0.349687
14 81 0.291156
14 82 -0.287330
14 83 -0.462699
14 84 0.516566
14 85 0.117388
14 86 -0.268317
14 87 0.457116
14 88 -0.101118
14 89 -0.702668
14 90 -0.220048
14 91 0.082355
14 92 0.520225
15 0 -0.433095
15 1 -0.260833
15 2 -0.455883
15 3 -0.123745
15 4 -1.377198
15 5 0.873698
15 6 2.806933
15 7 0.150447
15 8 0.294656
15 9 -1.256437
15 10 0.540651
15 11 0.715279
15 12 -2.165028
15 13 -0.349362
15 14 0.588142
15 15 -1.926724
15 16 -0.653964
15 17 0.045486
15 18 -1.256245
15 19 -0.335558
15 20 -1.302179
15 21 0.883435
15 22 0.040043
15 23 -0.173522
15 24 -0.171645
15 25 -0.362098
15 26 -0.735995
15 27 -0.231023
15 28 0.027677
15 29 0.153125
15 30 0.071685
15 31 -0.031165
15 32 -0.227056
15 33 0.132315
15 34 -0.256176
15 35 -1.392137
15 36 0.079192
15 37 -0.576705
15 38 1.153553
15 39 -0.036055
15 40 -0.296999
15 41 -0.317797
15 42 0.049810
15 43 -0.037940
15 44 0.222191
15 45 -0.635838
15 46 0.117596
15 47 -0.239622
15 48 -0.411177
15 49 0.209465
15 50 -1.408354
15 51 -0.707229
15 52 -0.161544
15 53 -0.760960
15 54 -0.199279
15 55 -0.560260
15 56 -0.585405
15 57 0.097281
15 58 -0.717715
15 59 0.059890
15 60 -0.207693
15 61 0.240164
15 62 -0.251739
15 63 -0.647031
15 64 -0.700496
15 65 0.013863
15 66 -0.505082
15 67 -0.308710
15 68 -0.805313
15 69 -0.489239
15 70 0.377126
15 71 0.130636
15 72 0.287283
15 73 -0.339174
15 74 -0.488968
15 75 -0.219703
15 76 -0.890818
15 77 0.112345
15 78 -0.224309
15 79 -0.347134
15 80 0.053497
15 81 -0.462090
15 82 -0.231267
15 83 -0.338168
15 84 -1.136834
15 85 -0.824159
15 86 1.705659
15 87 -0.240463
15 88 -0.430412
15 89 0.697671
15 90 -0.504992
15 91 0.347552
15 92 0.608001
16 0 -1.752631
16 1 -0.953652
16 2 -0.930384
16 3 -0.825925
16 4 -1.170133
16 5 -1.480152
16 6 -1.120177
16 7 -1.079396
16 8 -1.158381
16 9 -0.884898
16 10 -0.449449
16 11 -1.338437
16 12 -1.106243
16 13 -0.977061
16 14 -0.540206
16 15 -1.032045
16 16 -0.519677
16 17 -0.560129
16 18 -0.650022
16 19 -0.646097
16 20 -0.975123
16 21 -0.666703
16 22 -1.359269
16 23 -1.280550
16 24 -1.200175
16 25 -1.334913
16 26 -1.172739
16 27 -1.174701
16 28 -1.321621
16 29 -1.261505
16 30 -1.595801
16 31 -1.500835
16 32 -0.999092
16 33 -1.005531
16 34 -1.131511
16 35 -1.206949
16 36 -1.079482
16 37 -0.885734
16 38 -1.354223
16 39 -1.179590
16 40 -0.718962
16 41 -1.235023
16 42 -1.239208
16 43 -1.042344
16 44 -0.973910
16 45 -1.125273
16 46 -1.509310
16 47 -0.810504
16 48 -1.254519
16 49 -0.967263
16 50 -1.510843
16 51 -1.235864
16 52 -0.961753
16 53 -0.994262
16 54 -0.467939
16 55 -0.464036
16 56 -0.310629
16 57 -0.699576
16 58 -1.270338
16 59 -1.275232
16 60 -1.006411
16 61 -1.401602
16 62 -1.177659
16 63 -1.082332
16 64 -0.578707
16 65 -0.487700
16 66 -0.883840
16 67 -0.516283
16 68 -0.677359
16 69 -0.895188
16 70 -1.271051
16 71 -0.697582
16 72 -1.232279
16 73 -0.542426
16 74 -0.510909
16 75 -0.530579
16 76 -0.283375
16 77 -0.280419
16 78 -0.049722
16 79 -0.095902
16 80 -0.088822
16 81 -0.646328
16 82 -0.291214
16 83 -0.231950
16 84 -0.287140
16 85 -0.812747
16 86 -0.149972
16 87 -0.629957
16 88 -0.623298
16 89 -0.869763
16 90 -0.705600
16 91 -1.447326
16 92 -0.340442
17 0 -2.915950
17 1 -0.354043
17 2 0.215183
17 3 -0.333402
17 4 -2.028472
17 5 -1.585885
17 6 3.146876
17 7 -0.280593
17 8 0.358205
17 9 -0.770622
17 10 -1.062751
17 11 -1.730703
17 12 -0.574431
17 13 -0.057664
17 14 -0.569627
17 15 -1.095581
17 16 -0.111997
17 17 0.031153
17 18 -0.289846
17 19 -0.594800
17 20 -0.725814
17 21 -1.343358
17 22 -1.376554
17 23 0.378049
17 24 0.434260
17 25 0.629697
17 26 1.125023
17 27 -0.633994
17 28 0.430355
17 29 0.772339
17 30 0.444261
17 31 1.258321
17 32 -0.073442
17 33 -0.106633
17 34 0.180501
17 35 0.717679
17 36 -0.063161
17 37 -0.413919
17 38 0.087635
17 39 0.376611
17 40 -0.227957
17 41 0.288793
17 42 0.634465
17 43 0.026233
17 44 -0.133739
17 45 -0.082601
17 46 0.631704
17 47 0.619375
17 48 -0.182195
17 49 0.153344
17 50 0.898216
17 51 0.453080
17 52 0.188846
17 53 0.196442
17 54 -0.048665
17 55 0.000544
17 56 -0.189037
17 57 -0.191961
17 58 -0.173830
17 59 -0.395183
17 60 -0.412676
17 61 0.198988
17 62 -0.631976
17 63 0.172861
17 64 0.727063
17 65 -0.291247
17 66 -0.147832
17 67 0.031735
17 68 -0.060990
17 69 -0.013489
17 70 -0.049423
17 71 0.533692
17 72 -0.517422
17 73 -0.530030
17 74 1.553649
17 75 -0.803090
17 76 -0.712030
17 77 0.612586
17 78 -0.885939
17 79 -0.045053
17 80 -0.595402
17 81 0.210282
17 82 -0.216842
17 83 0.067423
17 84 0.195023
17 85 0.039410
17 86 0.254229
17 87 -0.407333
17 88 -1.366004
17 89 -0.477785
17 90 -1.335293
17 91 -0.318747
17 92 -0.649772
18 0 -0.174389
18 1 0.238045
18 2 0.096956
18 3 0.090672
18 4 0.084744
18 5 1.260675
18 6 -1.238634
18 7 0.051137
18 8 0.102863
18 9 -0.947721
18 10 -0.528218
18 11 0.732737
18 12 0.582828
18 13 -0.255470
18 14 -1.145814
18 15 0.941481
18 16 -0.543688
18 17 -0.504106
18 18 -0.606307
18 19 -0.227940
18 20 -0.800165
18 21 0.499343
18 22 -0.496048
18 23 0.001775
18 24 -0.363725
18 25 -1.477306
18 26 2.144178
18 27 -0.906776
18 28 0.384741
18 29 1.402023
18 30 0.390248
18 31 1.146910
18 32 0.238391
18 33 0.345134
18 34 0.135834
18 35 -0.986367
18 36 0.669274
18 37 -0.177050
18 38 2.892740
18 39 0.060007
18 40 0.331360
18 41 0.350118
18 42 1.072380
18 43 0.365550
18 44 0.833331
18 45 -0.486046
18 46 -0.745930
18 47 0.756356
18 48 -0.033258
18 49 -0.034880
18 50 0.018924
18 51 -0.307359
18 52 -0.354848
18 53 0.052697
18 54 0.474975
18 55 0.180577
18 56 -0.567192
18 57 0.358649
18 58 0.182667
18 59 0.273312
18 60 -0.083086
18 61 -0.131250
18 62 -0.229429
18 63 -0.169043
18 64 -0.580463
18 65 0.282510
18 66 0.078174
18 67 -0.258911
18 68 -0.133079
18 69 -0.237494
18 70 -0.004430
18 71 -0.481205
18 72 -0.584264
18 73 0.197156
18 74 -0.154049
18 75 0.319792
18 76 0.281154
18 77 -0.998821
18 78 0.598599
18 79 0.319599
18 80 -0.425444
18 81 -0.276625
18 82 -0.478351
18 83 -0.280601
18 84 1.117963
18 85 -0.637166
18 86 -0.113114
18 87 -0.634443
18 88 -0.612882
18 89 -0.939043
18 90 -0.281773
18 91 -1.577100
18 92 -1.109286
19 0 -0.184191
19 1 -0.918691
19 2 0.316285
19 3 0.079687
19 4 -0.239008
19 5 -0.474184
19 6 1.447391
19 7 -0.529941
19 8 -0.503789
19 9 0.867347
19 10 0.229127
19 11 0.578343
19 12 -0.645475
19 13 -0.331402
19 14 -1.419428
19 15 -0.527965
19 16 -0.657327
19 17 -0.619616
19 18 -0.865055
19 19 -0.058755
19 20 2.450613
19 21 -1.219960
19 22 0.196302
19 23 0.107775
19 24 -0.434701
19 25 0.338659
19 26 0.587038
19 27 -0.030907
19 28 -0.351454
19 29 0.175980
19 30 -0.629473
19 31 0.089106
19 32 -0.588082
19 33 -0.691125
19 34 -0.330801
19 35 -0.961810
19 36 -1.455291
19 37 -0.457173
19 38 1.024242
19 39 -0.178920
19 40 -0.285299
19 41 -0.156357
19 42 -0.411325
19 43 -0.184502
19 44 -0.767130
19 45 -0.418662
19 46 -0.192703
19 47 -0.427951
19 48 -0.195579
19 49 -0.004875
19 50 -0.050740
19 51 -1.685193
19 52 -0.691822
19 53 0.004775
19 54 -0.199683
19 55 -0.437746
19 56 0.116828
19 57 -0.425900
19 58 -0.487750
19 59 -0.546535
19 60 -0.701428
19 61 -0.352951
19 62 0.155772
19 63 -0.485276
19 64 0.070705
19 65 -0.617442
19 66 -0.700428
19 67 -0.088005
19 68 -0.454538
19 69 -0.064062
19 70 0.214173
19 71 -0.649910
19 72 -0.075734
19 73 -0.303888
19 74 -1.393771
19 75 0.794184
19 76 -0.391451
19 77 -0.966565
19 78 0.818286
19 79 0.318843
19 80 -0.568734
19 81 -0.361793
19 82 -0.051265
19 83 -1.001092
19 84 -0.983591
19 85 -0.743803
19 86 -0.796051
19 87 0.135043
19 88 0.381556
19 89 0.908155
19 90 -0.207020
19 91 0.727815
19 92 -0.799080
20 0 0.484096
20 1 -0.631537
20 2 -0.280553
20 3 0.721315
20 4 -0.403369
20 5 -0.402093
20 6 -1.049588
20 7 -0.744730
20 8 -0.381969
20 9 -1.409628
20 10 -1.393112
20 11 -0.356044
20 12 0.527245
20 13 -0.082617
20 14 0.847775
20 15 0.007723
20 16 -0.263660
20 17 -0.165643
20 18 2.741887
20 19 0.015544
20 20 -0.993378
20 21 -0.073665
20 22 -1.640741
20 23 -0.281310
20 24 0.037563
20 25 -1.515469
20 26 0.467770
20 27 -0.116069
20 28 -0.305706
20 29 -0.230350
20 30 0.028899
20 31 -0.249822
20 32 -0.668350
20 33 -0.761302
20 34 -0.108455
20 35 1.212410
20 36 -1.124257
20 37 -0.549584
20 38 0.477246
20 39 -0.243844
20 40 -0.743145
20 41 -0.143784
20 42 0.169292
20 43 -0.397785
20 44 -0.536835
20 45 0.125227
20 46 0.081223
20 47 0.234335
20 48 0.174149
20 49 -0.206611
20 50 0.195832
20 51 0.882696
20 52 -0.666521
20 53 -0.165876
20 54 -0.627330
20 55 0.379510
20 56 -0.474080
20 57 -0.138226
20 58 -0.038204
20 59 0.072622
20 60 -0.572794
20 61 -0.264215
20 62 -0.706746
20 63 -0.294633
20 64 0.270785
20 65 -0.407407
20 66 0.387202
20 67 0.130902
20 68 0.062163
20 69 0.200633
20 70 -0.519114
20 71 0.467001
20 72 -0.095071
20 73 -0.419488
20 74 -0.427140
20 75 0.438659
20 76 0.814185
20 77 1.133308
20 78 -0.649571
20 79 -0.722468
20 80 -0.484919
20 81 -0.852411
20 82 0.056549
20 83 -0.455489
20 84 -0.055534
20 85 -0.808014
20 86 -0.991010
20 87 -0.594492
20 88 0.584223
20 89 -0.836094
20 90 0.218166
20 91 -1.093525
20 92 -0.145192
21 0 -0.166440
21 1 -0.362661
21 2 0.221886
21 3 0.099750
21 4 -0.406317
21 5 -0.455579
21 6 -1.430184
21 7 -0.402568
21 8 -0.147685
21 9 -0.581650
21 10 -0.684581
21 11 0.806923
21 12 -1.094853
21 13 -0.357584
21 14 0.896690
21 15 0.534750
21 16 -0.233121
21 17 0.062577
21 18 -1.618321
21 19 -0.407809
21 20 -1.037039
21 21 0.176303
21 22 -2.150074
21 23 -0.063685
21 24 -0.545231
21 25 1.637913
21 26 1.017777
21 27 0.334719
21 28 0.326659
21 29 0.046240
21 30 -0.500647
21 31 -0.021722
21 32 0.173502
21 33 -0.021776
21 34 0.385007
21 35 -0.453179
21 36 0.736881
21 37 -0.501758
21 38 -1.596060
21 39 -0.167887
21 40 0.389207
21 41 0.122639
21 42 0.298290
21 43 0.017270
21 44 0.404419
21 45 -0.202851
21 46 -0.167588
21 47 -0.063106
21 48 -0.272550
21 49 -0.032595
21 50 0.114671
21 51 -0.121315
21 52 -0.293144
21 53 -0.611097
21 54 0.414542
21 55 -0.026208
21 56 -0.126149
21 57 0.081759
21 58 -0.375490
21 59 -0.134762
21 60 -0.672905
21 61 -0.092178
21 62 0.058551
21 63 0.194944
21 64 0.698156
21 65 -0.015344
21 66 0.029256
21 67 0.331421
21 68 0.096956
21 69 0.110422
21 70 -0.374414
21 71 0.126926
21 72 -0.147230
21 73 0.338081
21 74 -0.825469
21 75 -0.430272
21 76 -0.820466
21 77 0.764736
21 78 -0.092550
21 79 -0.102709
21 80 -0.471822
21 81 -0.383381
21 82 -0.088090
21 83 -0.281367
21 84 -1.503547
21 85 0.135742
21 86 -0.508803
21 87 0.283503
21 88 0.724801
21 89 1.283472
21 90 -0.229649
21 91 1.286888
21 92 0.567206
22 0 -0.996285
22 1 -0.558606
22 2 -0.236208
22 3 -0.192705
22 4 0.997682
22 5 0.440187
22 6 -0.936930
22 7 0.411373
22 8 0.093257
22 9 -0.444547
22 10 0.065965
22 11 -0.511055
22 12 -0.074670
22 13 -0.543160
22 14 -0.327518
22 15 -0.796221
22 16 -0.182886
22 17 -0.182282
22 18 -0.104604
22 19 -0.663633
22 20 0.488485
22 21 -0.929187
22 22 -1.489676
22 23 -0.092802
22 24 0.200127
22 25 0.738080
22 26 -0.200677
22 27 1.024267
22 28 0.432676
22 29 1.429032
22 30 1.042369
22 31 0.808282
22 32 0.235110
22 33 -0.585875
22 34 0.307422
22 35 -0.020776
22 36 -0.977242
22 37 0.099673
22 38 0.095262
22 39 0.456644
22 40 -0.199392
22 41 0.950458
22 42 0.113697
22 43 0.283322
22 44 0.479145
22 45 -0.434117
22 46 1.705654
22 47 0.135873
22 48 0.018244
22 49 0.398182
22 50 -1.845897
22 51 -0.774311
22 52 0.176070
22 53 0.186813
22 54 -0.615440
22 55 0.180898
22 56 -0.426090
22 57 0.297837
22 58 0.012738
22 59 0.248922
22 60 -0.098415
22 61 -0.105287
22 62 0.089653
22 63 -0.145628
22 64 0.249165
22 65 -0.036681
22 66 -0.284529
22 67 0.226793
22 68 -0.236363
22 69 -0.009526
22 70 -0.267049
22 71 -0.022190
22 72 0.444048
22 73 -0.435465
22 74 -0.006654
22 75 0.227077
22 76 -0.789144
22 77 -0.200208
22 78 -0.062086
22 79 -0.472656
22 80 -0.159622
22 81 -0.049328
22 82 0.959132
22 83 -0.168649
22 84 -0.661218
22 85 -0.566648
22 86 -0.661716
22 87 0.168300
22 88 0.696718
22 89 0.882144
22 90 -0.064020
22 91 -0.333564
22 92 -0.625007
23 0 0.431506
23 1 0.313865
23 2 0.157578
23 3 0.011513
23 4 0.632711
23 5 1.455491
23 6 -0.291095
23 7 -0.440397
23 8 -0.299868
23 9 -0.112978
23 10 -0.122837
23 11 -0.038074
23 12 -0.441583
23 13 0.177541
23 14 -0.571463
23 15 -0.354233
23 16 0.340769
23 17 -0.209603
23 18 -0.464979
23 19 0.114871
23 20 -0.319363
23 21 0.260684
23 22 2.731374
23 23 -0.532532
23 24 -0.027150
23 25 0.126970
23 26 0.082207
23 27 0.309774
23 28 0.287361
23 29 -1.542265
23 30 -0.674598
23 31 0.802148
23 32 -0.332624
23 33 0.049769
23 34 -0.025532
23 35 0.066511
23 36 -0.431699
23 37 0.196680
23 38 -0.362359
23 39 0.310875
23 40 0.001825
23 41 -1.215229
23 42 0.186008
23 43 -0.521402
23 44 0.828473
23 45 0.056411
23 46 1.497748
23 47 0.132623
23 48 -0.236645
23 49 -0.016971
23 50 -0.313652
23 51 1.420940
23 52 -0.439202
23 53 -0.142477
23 54 -0.027693
23 55 0.014106
23 56 -0.348528
23 57 0.445873
23 58 -0.054545
23 59 0.182371
23 60 -0.437558
23 61 0.158674
23 62 -0.538089
23 63 -0.105432
23 64 -0.922080
23 65 -0.438497
23 66 -0.280650
23 67 0.133167
23 68 0.436792
23 69 0.006235
23 70 -0.418898
23 71 -0.130136
23 72 0.083118
23 73 0.157032
23 74 -0.319947
23 75 -0.370125
23 76 -0.473031
23 77 -0.518132
23 78 -0.254830
23 79 -0.104616
23 80 0.237495
23 81 0.473994
23 82 -0.272629
23 83 -0.569729
23 84 0.604127
23 85 -0.599510
23 86 -0.450173
23 87 0.179834
23 88 -1.650787
23 89 -0.560447
23 90 -0.590448
23 91 -0.857141
23 92 -0.025152
24 0 0.750772
24 1 -0.653830
24 2 0.048455
24 3 -0.310600
24 4 0.437572
24 5 1.211525
24 6 -0.637889
24 7 0.160027
24 8 0.223374
24 9 -1.021755
24 10 0.872647
24 11 -1.106428
24 12 -0.415279
24 13 -0.577538
24 14 -0.845036
24 15 1.088436
24 16 -0.197314
24 17 -0.790327
24 18 -0.287556
24 19 0.087639
24 20 -0.859885
24 21 0.620579
24 22 -1.564976
24 23 -0.029909
24 24 -0.500227
24 25 0.151928
24 26 -1.508140
24 27 0.362445
24 28 0.337194
24 29 0.982114
24 30 0.504057
24 31 0.364448
24 32 -0.656349
24 33 -0.209503
24 34 0.536922
24 35 -0.437388
24 36 0.976048
24 37 -0.465143
24 38 -0.626680
24 39 0.418381
24 40 -0.191491
24 41 0.085662
24 42 -1.177500
24 43 -0.249230
24 44 -0.014932
24 45 -0.120813
24 46 -3.158564
24 47 0.340579
24 48 0.182049
24 49 -0.340785
24 50 1.150910
24 51 -1.143335
24 52 -0.273798
24 53 0.117300
24 54 -0.404145
24 55 -0.082624
24 56 -0.586420
24 57 -0.098169
24 58 -0.570727
24 59 0.306797
24 60 -0.428705
24 61 -0.637291
24 62 -0.427475
24 63 -0.355415
24 64 0.628585
24 65 -0.467659
24 66 -0.552621
24 67 0.152385
24 68 -0.087473
24 69 0.246499
24 70 0.382596
24 71 0.221192
24 72 -1.212588
24 73 -0.149369
24 74 -0.192354
24 75 -0.479225
24 76 1.026223
24 77 -0.360986
24 78 -0.578147
24 79 -0.426030
24 80 0.193602
24 81 -0.729502
24 82 0.531101
24 83 -0.416036
24 84 -0.424624
24 85 -0.500457
24 86 -1.076247
24 87 -0.705766
24 88 0.447435
24 89 -0.957669
24 90 0.042715
24 91 -0.385088
24 92 -0.725566
25 0 0.381319
25 1 -0.677225
25 2 -0.242407
25 3 0.188347
25 4 0.488757
25 5 0.773677
25 6 -1.151180
25 7 -0.293997
25 8 -0.075964
25 9 -1.219590
25 10 -0.841801
25 11 -0.819432
25 12 -0.367954
25 13 0.406504
25 14 0.331145
25 15 0.408746
25 16 -0.331020
25 17 -0.531620
25 18 -1.062805
25 19 -0.428232
25 20 -0.647088
25 21 -1.631820
25 22 -1.287869
25 23 -0.058739
25 24 -0.458615
25 25 -0.161361
25 26 1.234269
25 27 0.474444
25 28 0.144948
25 29 -2.083390
25 30 -0.303011
25 31 0.876912
25 32 -0.486691
25 33 -0.210142
25 34 0.039736
25 35 -0.170503
25 36 0.288995
25 37 -0.653702
25 38 -1.843075
25 39 0.084804
25 40 -0.079216
25 41 -1.318095
25 42 0.350543
25 43 -0.521813
25 44 -0.381841
25 45 0.404225
25 46 -0.194877
25 47 -0.758433
25 48 -0.252113
25 49 0.186345
25 50 0.466739
25 51 0.554483
25 52 -0.045981
25 53 -0.235422
25 54 -0.383555
25 55 0.150514
25 56 0.090575
25 57 -0.277328
25 58 0.012033
25 59 -0.152839
25 60 -0.529912
25 61 0.584821
25 62 -0.544606
25 63 -0.318904
25 64 0.111296
25 65 0.156706
25 66 -0.545180
25 67 -0.274514
25 68 0.067999
25 69 -0.334415
25 70 0.046229
25 71 -0.416961
25 72 0.556732
25 73 0.033790
25 74 -0.503107
25 75 1.606720
25 76 -0.487076
25 77 0.322141
25 78 0.707859
25 79 0.070275
25 80 -0.274861
25 81 0.169044
25 82 0.130387
25 83 1.067212
25 84 0.191969
25 85 -0.378481
25 86 1.409197
25 87 0.221554
25 88 0.460319
25 89 -0.750459
25 90 0.454787
25 91 -0.687837
25 92 -0.480781
26 0 2.011604
26 1 -0.380545
26 2 0.048666
26 3 -0.738387
26 4 -0.436949
26 5 -2.268610
26 6 -0.172643
26 7 -0.378608
26 8 -0.134841
26 9 -0.202075
26 10 1.532416
26 11 -2.263719
26 12 -0.178413
26 13 -0.580826
26 14 -0.075570
26 15 -1.230017
26 16 -0.069305
26 17 -0.552375
26 18 0.037570
26 19 0.097298
26 20 -0.519253
26 21 0.986864
26 22 -1.720140
26 23 0.064248
26 24 -0.219872
26 25 1.130836
26 26 -0.633858
26 27 -1.717232
26 28 0.115706
26 29 1.351280
26 30 0.016178
26 31 0.700180
26 32 0.010094
26 33 -0.662127
26 34 -0.962183
26 35 -0.581089
26 36 0.448636
26 37 -0.039654
26 38 -0.164728
26 39 -0.356187
26 40 0.028306
26 41 0.186923
26 42 -1.443877
26 43 0.165715
26 44 0.143326
26 45 -0.667426
26 46 1.460784
26 47 -0.193287
26 48 0.050502
26 49 0.419293
26 50 -2.608430
26 51 -0.231167
26 52 0.000684
26 53 -0.143639
26 54 0.389406
26 55 -0.360589
26 56 -0.369758
26 57 0.376286
26 58 -0.015039
26 59 0.298151
26 60 -0.734415
26 61 -0.035547
26 62 -0.584728
26 63 0.049721
26 64 -0.955770
26 65 0.020471
26 66 -0.480940
26 67 0.262381
26 68 -0.071130
26 69 0.208915
26 70 0.695594
26 71 -0.450844
26 72 0.074522
26 73 -0.226767
26 74 -0.517415
26 75 -1.105611
26 76 0.517271
26 77 -0.253458
26 78 -0.441727
26 79 0.017004
26 80 -0.347591
26 81 0.065392
26 82 -0.426715
26 83 -0.421483
26 84 -0.716651
26 85 0.197917
26 86 -0.140355
26 87 0.221345
26 88 0.821483
26 89 -0.729175
26 90 -0.621131
26 91 0.684739
26 92 0.400090
27 0 0.438541
27 1 -0.026810
27 2 0.241632
27 3 0.246280
27 4 0.401216
27 5 1.084534
27 6 -0.515203
27 7 -0.084930
27 8 0.489194
27 9 -1.049129
27 10 -0.621122
27 11 0.935762
27 12 -0.639784
27 13 -0.631466
27 14 1.735089
27 15 0.691301
27 16 0.113677
27 17 -0.402203
27 18 -0.035967
27 19 -0.603140
27 20 -1.513848
27 21 -0.286903
27 22 1.351081
27 23 -0.647927
27 24 -0.510484
27 25 0.570814
27 26 -2.354763
27 27 0.407576
27 28 -0.107554
27 29 0.432794
27 30 0.304160
27 31 -0.090897
27 32 -0.163018
27 33 -0.344752
27 34 0.122530
27 35 -1.233703
27 36 -1.161263
27 37 -0.601784
27 38 -1.472150
27 39 -0.121498
27 40 -0.112731
27 41 0.431205
27 42 0.805385
27 43 0.472276
27 44 0.334287
27 45 0.025838
27 46 0.411942
27 47 0.091909
27 48 -0.134922
27 49 0.069701
27 50 0.602701
27 51 0.373952
27 52 0.137220
27 53 -0.194554
27 54 0.131470
27 55 -1.235495
27 56 -0.692331
27 57 -0.942215
27 58 -0.740159
27 59 -0.215248
27 60 0.118736
27 61 0.534368
27 62 0.139251
27 63 -0.296654
27 64 -0.999762
27 65 -0.170023
27 66 -0.080488
27 67 0.016947
27 68 -0.168248
27 69 -0.088429
27 70 0.226453
27 71 0.127845
27 72 0.635037
27 73 -0.350901
27 74 -0.541581
27 75 -0.627836
27 76 -1.208196
27 77 -0.447946
27 78 0.050408
27 79 -0.084020
27 80 0.154831
27 81 -0.403428
27 82 -0.621186
27 83 -0.161713
27 84 1.146890
27 85 0.574092
27 86 1.563454
27 87 0.386406
27 88 0.841142
27 89 0.464279
27 90 -1.235336
27 91 -0.478123
27 92 0.330012
